5227024
5227142
4544389
5754167
4540125
4630619
5239210
5231683
5214191
4546888
5240193
4677828
4212276
4202081
4546699
4540074
5765242
5765952
4543359
5240222
4544224
8441765
5231693
4203575
4544147
4204251
4544234
4544237
4534193
4548045
4535276
4549710
5244179
5207377
4543744
5239088
4544332
5214197
4546183
5242151
4707033
5717407
5939014
4522101
4544333
4540084
4548479
5239218
6606755
4538495
5745996
5416264
4199705
4544334
5939160
4198559
4272182
4197974
4198293
4544417
5356370
5757443
5211599
4648605
4546804
5239226
5956532
5200451
8218270
4544120
5232204
4549299
4290812
4528758
5231482
4544287
4539050
5231488
4544338
6170400
4544266
6191502
4544268
5240144
6191374
4544271
5227107
5704548
5850437
4544358
4543177
4207338
6193794
6190129
5202411
5941871
5231706
5228587
4368478
4539033
4544241
4539035
5750615
4544243
4550275
4544244
4546725
5942521
4522050
4546219
4947519
4541823
4527828
5239975
5205272
6428085
4534686
4917920
5944198
5942676
5942714
4542007
4539043
4529189
5238673
4544253
4544433
4546741
4521360
4544256
4544258
4654434
4266950
4904912
5241778
5241440
4539039
5231694
4538780
5229077
5231434
5243843
4534548
5096298
5203598
5222583
5244503
4521363
5243088
5710410
5426565
4531910
4545581
4912727
4543464
5183662
5228815
4546949
4546751
4546232
5369178
4549382
4348576
5241960
5245319
4540185
5238990
4544156
4544157
6168523
4685093
4212014
4544159
4533780
4546233
5231695
4540251
4540101
5215708
4521620
4522291
5233243
4524525
4542622
4546814
5432672
4529775
4542623
4520636
5227108
5185006
5241455
5667187
4308714
4230353
4540190
4380922
4281134
4436649
4531368
4531261
4529560
5010747
5381307
5229084
5231697
4540632
4535545
4544165
5359842
4544176
5238687
4544356
4918266
4394052
4883304
4328967
5238688
5240159
5181269
5182030
4635111
5242292
5231787
5737800
4531196
4538516
4908196
4544178
4543175
4473574
5231442
4521338
4921113
5718233
5540889
5349644
5703511
5489684
5227119
4215677
4521544
4546828
4546960
5229350
4523834
5181283
4549319
5245340
4201557
5231454
4544283
4544443
5223287
4540203
5206722
4540253
4540143
5238835
5231458
4518709
4546149
5413034
4544289
4534383
5214085
5243287
4225529
4520983
4544290
5214087
5205192
4907141
4540205
4293013
5207105
4229532
4547102
4400373
5239206
4544449
4540109
4544450
5227129
5231234
4644776
4746588
5199672
4543805
4549400
5227130
4540144
6616851
4549402
4548354
4540146
4544298
4537558
4546770
5785281
5206516
4520647
5244310
4548223
4544453
4544461
4544186
4548784
4544464
4543426
4276497
4549408
4544465
4521339
4542218
4538484
5231569
5231572
4522613
4520566
4531892
5181455
5231575
4544323
4544188
4544190
5232709
4544191
5228977
4544192
5231581
5231584
4539967
4534486
5231236
4523497
4539055
4307530
5227134
5227135
5227138
5743649
4639259
5246781
9548263
5243919
4539057
5231248
4539059
4539066
4308588
5238845
5231585
5231587
4310035
5214176
5765903
5359175
4535681
5227464
5214181
5231591
4548937
5961110
5238865
5227468
5214185
4540163
4425026
4364943
5246827
5231593
5188580
5243954
6208103
6640729
5184786
7137363
4549180
4549187
4541315
4488088
5191915
5389762
5201507
5241799
4549199
4531319
5197716
5223932
5201511
5241308
5182253
5210808
5352454
5460980
5214186
5201512
5675803
5699275
5530739
5675804
4739530
5202398
4627913
5352459
5370601
5241801
5182544
5182545
5182546
5016851
4561684
9409540
5193895
4739546
5241803
5228679
5228683
5228687
5228690
5228695
5241814
5241816
5241818
5189434
5241828
5189439
5228715
4746067
8421267
8425430
7152091
7254722
7151712
7151713
5725695
5217010
5189572
5178976
5189575
5217030
5195965
5385161
6026695
5704947
5866810
5678742
5700891
5366192
5366199
5366204
5384649
5751381
5710475
5755840
5702199
5391009
5766117
5768464
5764877
5749275
6617292
5757854
5486846
5486848
5723584
5745052
5755155
5764231
6288683
5699377
5711165
5764233
5764234
5700248
5680034
5723585
5766415
5752598
6639809
5680075
6702480
5684548
5522153
5710875
5753158
5522429
5522439
5754744
5681513
6016399
5522573
5853890
5997950
5522812
5918528
5855626
5680200
6513108
5747393
5523422
5685183
6673531
6557408
7081239
5700267
6636351
5680292
5770163
5743325
6034386
5849999
5770221
5702955
5696574
5745199
5696594
5696604
5771216
5754848
8049671
5866017
5696635
5751311
5754217
5697107
5697117
5770370
5768929
5769048
5769077
6656610
5776780
6326347
5781562
5781571
5781607
6592928
5784989
6699368
5785123
5785135
6326399
6588016
6592159
5785147
5785201
6510621
9257275
6594972
6508949
6182043
5941618
5922175
5852630
5935784
5852686
5852691
6593988
6238937
6013674
5922177
5955238
6021877
6194121
6191581
5959689
5966250
5959705
6194109
6035250
5959795
6240814
6025643
6322934
6016550
6616499
6189839
6191225
6188893
6188914
6588416
6208015
6592051
6587687
6585348
6602710
6615879
6616666
6616289
6616695
6616244
6554714
6585566
6587238
6332087
6670402
6604597
6586361
8525550
8479103
6594749
6526946
6586796
6606001
6685883
6668085
6676200
6677474
6670056
6596122
6588075
6588820
6588822
6603344
6588878
6603715
6505348
6619287
6630538
6627906
6639356
6639413
6470128
8482713
8479879
8486274
8477794
6602934
6608160
6605023
6598310
6605220
6556346
6601070
6605013
6604210
6599370
6595835
6586133
6604616
6605243
6605465
6589736
6586717
6604094
6592712
6603244
6594739
6510763
6589743
6601253
6586379
6606038
6605437
6603847
6620098
6585599
6603400
6603748
6605246
6605591
6655433
6605225
6605387
6655759
6769675
6604046
6605414
6604552
6655773
6655006
6606050
6604141
7430212
6597764
6591861
6604161
6603343
6586881
6579369
6655649
6655024
6628778
6655711
6618538
6620877
6629707
6629373
6629471
6629580
6643374
6640183
6649279
6640303
6896942
8206738
10066717
6655443
6645172
6645334
6645347
6645367
6645467
6693866
6653166
6653318
6653371
6653499
6657091
6657947
6669378
6673172
6666034
6737269
7565249
6716432
6708308
6716822
6717889
6717727
6740523
6745309
6716631
6711826
8434952
8594356
6763670
6764149
6744775
6886466
6777858
6742957
8436587
6771098
6773861
6734267
6736398
6734315
6734323
6758888
6734326
6736821
6739963
6787936
6786879
6791306
6776398
6777508
6786550
6798746
6776812
6786953
6798846
6798337
6788291
6776428
6834874
6784296
6787125
6797703
6784350
6780019
6780022
6793896
6780024
6780065
6792423
6870901
6781410
6794980
6788142
6797017
6788173
6788193
6788213
6788284
6788295
6788323
6788345
6788370
6788378
6788404
6788416
6788431
6788440
6788467
6788496
6788506
6795045
6788538
6788952
6788959
6788970
6790452
6797093
6797094
6789007
6789013
6789026
6789030
6789039
8477611
8476762
8476763
8486447
8480559
8496920
9134210
8476764
6788137
6788140
6788773
6788775
6894021
6792934
6792936
6792964
6792994
6793026
6793045
6793085
6792293
6793095
6793115
6793128
7047438
6871146
6861113
6866829
6857167
6912869
8121683
8121688
8543606
8121691
6820335
6859729
6865341
6823410
6860291
6861957
6859733
6873683
6858886
6859131
6873595
6873240
6862198
6862518
6862519
6862242
6862243
6860713
6881365
6893814
6896250
6935387
6927599
6940517
6939858
6966188
7156204
6924849
6924398
7108733
6950272
6993333
6964047
6964060
6964080
6996674
6984834
6953877
6953885
6953911
6953940
6954029
6954049
6954079
7504909
7400271
6957836
7134383
7159973
6957933
7013022
6970026
7009853
6999610
7150262
7131266
7133750
7148804
7173567
7131807
7137677
7130365
7131268
7130661
7130869
7147921
7184756
7184334
7130431
7148677
7263065
7136431
7182372
7164593
7232961
7150213
7156004
7149317
7180928
7148679
7177858
7182232
7191833
7150768
7143847
7161543
7127582
7141942
7151499
7152856
7180818
7184191
7179628
7216427
7186082
7181937
7181942
7198855
7182019
7182028
7197806
7199253
7202158
7202228
7202238
7202338
7202348
7202360
7202464
7249716
7250307
7271825
7272029
7272294
7283992
7448568
7437375
7418306
7530404
7423545
7439225
8429809
7483018
7468494
7465389
7465415
7465480
7503773
7465564
7465582
7465621
7465626
7465647
7465664
7465714
7476715
7476785
7476800
7521422
7529542
8422172
7538947
7531157
7534686
8438207
8421256
8422338
8421258
8422588
8423295
8513609
8422430
8427966
8421599
8439405
8590577
8515310
8475896
8422143
8491037
8533447
8473141
8487946
8679507
8471819
8450185
8424067
8424068
8132209
8163136
8147388
7994126
7994127
8511618
8455056
8450077
8421703
8422127
8550637
8550638
8493769
8440420
8421286
8421287
8422129
8424234
8421294
8439034
8433998
8421387
8429865
8424313
8452256
8453017
8443466
8472070
8487220
8515076
8504909
8468232
8428789
8434007
8489805
8486841
8421305
8424887
8470798
8422999
8434071
8434205
8421401
8486422
8469962
8440307
8421388
8470328
8468455
8438435
8434009
8439761
8436555
8439046
8626552
8423883
8659883
8424255
8422132
8459354
8423886
8435918
8471706
8421318
8545532
8439048
8421713
8422560
8509783
8421714
8423889
8422345
8345278
8345319
8354439
8358415
10064719
8474543
8426104
8471067
8542715
8568351
8579927
8638275
8685189
9171052
8772247
8673311
8672640
8756804
8778707
8790612
8790621
8822836
9137700
8814749
9145571
9133961
8917729
9134084
9156039
9141856
9134888
9156040
9147012
9132854
9141192
9131837
9147418
9588332
9145598
9136827
9138870
9196965
9137752
9138871
9279551
9192174
9251719
9142176
9173552
9173635
9173645
9175535
9324237
9176385
9773910
9309210
9176468
9217896
9340666
9176571
9176629
9193692
9218743
9245891
9318946
9225788
9268573
9288052
9288112
9291200
9307645
9298183
9301987
9498631
9410199
9436866
9862378
9410229
9428116
9432225
9428129
9428148
9511035
9646525
9767834
9906324
9913821
9906424
9938387
9950830
10129167
10129784
9989524
10064733
10078145
10202213
10202233
10202280
10202500
10202514
10202522
10202538
10329162
10329302
10329401
10329428
10329456
10329488
10329701
10329771
10329912
10347108
10347132
10347447
10347460
10347473
10348832
10349907
10349909
10350470
